00100000000000010000000000000001
00100000000000100000000000000010
00100000000000110000000000000011
00100000000001000000000000000100
00100000000001010000000000000101
00100000000001100000000000000110
00100000000001110000000000000111
00100000000010000000000000001000
00100000000010010000000000001001
00100000000010100000000000001010
00100000000010110000000000001011
00100000000011000000000000001100
00100000000011010000000000001101
00100000000011100000000000001110
00100000000011110000000000001111
00100000000100000000000000010000
00100000000100010000000000010001
00100000000100100000000000010010
00100000000100110000000000010011
00100000000101000000000000010100
00100000000101010000000000010101
00100000000101100000000000010110
00100000000101110000000000010111
00100000000110000000000000011000
00100000000110010000000000011001
00100000000110100000000000011010
00100000000110110000000000011011
00100000000111000000000000011100
00100000000111100000000000011110
00100000000111110000000000011111
00100000000111010000000000011101
00000010101001000001100000100010
00000011000010000011100000100100
00000011111000010001000000100000
00000010110010100100100000100101
00000011111000010001000000100110
00000011100001000001100000100111
00000000000110100010100101000000
00000000000110000011100111000010
00000000000101100100101001000011
00000000001111110001000000000100
00000000100111000001100000000110
00000000110110100010100000000111
00000011000010000011100000101010
00101000000000110111000000000011
