00100000000000011000000000000001
00100000000000101000000000000010
00100000000000111000000000000011
00100000000001001000000000000100
00100000000001011000000000000101
00100000000001101000000000000110
00100000000001111000000000000111
00100000000010001000000000001000
00100000000010011000000000001001
00100000000010101000000000001010
00100000000010111000000000001011
00100000000011001000000000001100
00100000000011011000000000001101
00100000000011101000000000001110
00100000000011111000000000001111
00100000000100001000000000010000
00100000000100011000000000010001
00100000000100101000000000010010
00100000000100111000000000010011
00100000000101001000000000010100
00100000000101011000000000010101
00100000000101101000000000010110
00100000000101111000000000010111
00100000000110001000000000011000
00100000000110011000000000011001
00100000000110101000000000011010
00100000000110111000000000011011
00100000000111001000000000011100
00100000000111101000000000011110
00100000000111111000000000011111
00100000000111011000000000011101
00000010101001000001100000100010
00000011000010000011100000100100
00000011111000010001000000100000
00000010110010100100100000100101
00000011111000010001000000100110
00000011100001000001100000100111
00000000000110100010100101000000
00000000000110000011100111000010
