00100000000000010000000000000001
00100000000000100000000000000010
00100000000000110000000000000011
00100000000001000000000000000100
00100000000001010000000000000101
00100000000001100000000000000110
00100000000001110000000000000111
00100000000010000000000000001000
00100000000010010000000000001001
00100000000010100000000000001010
00100000000010110000000000001011
00100000000011000000000000001100
00100000000011010000000000001101
00100000000011100000000000001110
00100000000011110000000000001111
00100000000100000000000000010000
00100000000100010000000000010001
00100000000100100000000000010010
00100000000100110000000000010011
00100000000101000000000000010100
00100000000101010000000000010101
00100000000101100000000000010110
00100000000101110000000000010111
00100000000110000000000000011000
00100000000110010000000000011001
00100000000110100000000000011010
00100000000110110000000000011011
00100000000111000000000000011100
00100000000111100000000000011110
00100000000111110000000000011111
00100000000111010000000000011101
00101000000000010000000000000001
00101000000000100000000000000010
00101000000000110000000000000011
00101000000001000000000000000100
00101000000001010000000000000101
00101000000001100000000000000110
00101000000001110000000000000111
00101000000010000000000000001000
00101000000010010000000000001001
00101000000010100000000000001010
00101000000010110000000000001011
00101000000011000000000000001100
00101000000011010000000000001101
00101000000011100000000000001110
00101000000011110000000000001111
00101000000100000000000000010000
00101000000100010000000000010001
00101000000100100000000000010010
00101000000100110000000000010011
00101000000101000000000000010100
00101000000101010000000000010101
00101000000101100000000000010110
00101000000101110000000000010111
00101000000110000000000000011000
00101000000110010000000000011001
00101000000110100000000000011010
00101000000110110000000000011011
00101000000111000000000000011100
00101000000111100000000000011110
00101000000111110000000000011111
00101000000111010000000000011101
00110000000000010000000000000001
00110000000000100000000000000010
00110000000000110000000000000011
00110000000001000000000000000100
00110000000001010000000000000101
00110000000001100000000000000110
00110000000001110000000000000111
00110000000010000000000000001000
00110000000010010000000000001001
00110000000010100000000000001010
00110000000010110000000000001011
00110000000011000000000000001100
00110000000011010000000000001101
00110000000011100000000000001110
00110000000011110000000000001111
00110000000100000000000000010000
00110000000100010000000000010001
00110000000100100000000000010010
00110000000100110000000000010011
00110000000101000000000000010100
00110000000101010000000000010101
00110000000101100000000000010110
00110000000101110000000000010111
00110000000110000000000000011000
00110000000110010000000000011001
00110000000110100000000000011010
00110000000110110000000000011011
00110000000111000000000000011100
00110000000111100000000000011110
00110000000111110000000000011111
00110000000111010000000000011101
00110100000000010000000000000001
00110100000000100000000000000010
00110100000000110000000000000011
00110100000001000000000000000100
00110100000001010000000000000101
00110100000001100000000000000110
00110100000001110000000000000111
00110100000010000000000000001000
00110100000010010000000000001001
00110100000010100000000000001010
00110100000010110000000000001011
00110100000011000000000000001100
00110100000011010000000000001101
00110100000011100000000000001110
00110100000011110000000000001111
00110100000100000000000000010000
00110100000100010000000000010001
00110100000100100000000000010010
00110100000100110000000000010011
00110100000101000000000000010100
00110100000101010000000000010101
00110100000101100000000000010110
00110100000101110000000000010111
00110100000110000000000000011000
00110100000110010000000000011001
00110100000110100000000000011010
00110100000110110000000000011011
00110100000111000000000000011100
00110100000111100000000000011110
00110100000111110000000000011111
00110100000111010000000000011101
00111000000000010000000000000001
00111000000000100000000000000010
00111000000000110000000000000011
00111000000001000000000000000100
00111000000001010000000000000101
00111000000001100000000000000110
00111000000001110000000000000111
00111000000010000000000000001000
00111000000010010000000000001001
00111000000010100000000000001010
00111000000010110000000000001011
00111000000011000000000000001100
00111000000011010000000000001101
00111000000011100000000000001110
00111000000011110000000000001111
00111000000100000000000000010000
00111000000100010000000000010001
00111000000100100000000000010010
00111000000100110000000000010011
00111000000101000000000000010100
00111000000101010000000000010101
00111000000101100000000000010110
00111000000101110000000000010111
00111000000110000000000000011000
00111000000110010000000000011001
00111000000110100000000000011010
00111000000110110000000000011011
00111000000111000000000000011100
00111000000111100000000000011110
00111000000111110000000000011111
00111000000111010000000000011101
00101000000000010000000000000001
00101000000000100000000000000010
00101000000000110000000000000011
00101000000001000000000000000100
00101000000001010000000000000101
00101000000001100000000000000110
00101000000001110000000000000111
00101000000010000000000000001000
00101000000010010000000000001001
00101000000010100000000000001010
00101000000010110000000000001011
00101000000011000000000000001100
00101000000011010000000000001101
00101000000011100000000000001110
00101000000011110000000000001111
00101000000100000000000000010000
00101000000100010000000000010001
00101000000100100000000000010010
00101000000100110000000000010011
00101000000101000000000000010100
00101000000101010000000000010101
00101000000101100000000000010110
00101000000101110000000000010111
00101000000110000000000000011000
00101000000110010000000000011001
00101000000110100000000000011010
00101000000110110000000000011011
00101000000111000000000000011100
00101000000111100000000000011110
00101000000111110000000000011111
00101000000111010000000000011101
