00111100000000010000000000000001
00111100000000100000000000000010
00111100000000110000000000000011
00111100000001000000000000000100
00111100000001010000000000000101
00111100000001100000000000000110
00111100000001110000000000000111
00111100000010000000000000001000
00111100000010010000000000001001
00111100000010100000000000001010
00111100000010110000000000001011
00111100000011000000000000001100
00111100000011010000000000001101
00111100000011100000000000001110
00111100000011110000000000001111
00111100000100000000000000010000
00111100000100010000000000010001
00111100000100100000000000010010
00111100000100110000000000010011
00111100000101000000000000010100
00111100000101010000000000010101
00111100000101100000000000010110
00111100000101110000000000010111
00111100000110000000000000011000
00111100000110010000000000011001
00111100000110100000000000011010
00111100000110110000000000011011
00111100000111000000000000011100
00111100000111100000000000011110
00111100000111110000000000011111
00111100000111010000000000011101
10100000000000010000000000000001
10100000000000100000000000000010
10100000000000110000000000000011
10100000000001000000000000000100
10100000000001010000000000000101
10100000000001100000000000000110
10100000000001110000000000000111
10100000000010000000000000001000
10100000000010010000000000001001
10100000000010100000000000001010
10100000000010110000000000001011
10100000000011000000000000001100
10100000000011010000000000001101
10100000000011100000000000001110
10100000000011110000000000001111
10100000000100000000000000010000
10100000000100010000000000010001
10100000000100100000000000010010
10100000000100110000000000010011
10100000000101000000000000010100
10100000000101010000000000010101
10100000000101100000000000010110
10100000000101110000000000010111
10100000000110000000000000011000
10100000000110010000000000011001
10100000000110100000000000011010
10100000000110110000000000011011
10100000000111000000000000011100
10100000000111100000000000011110
10100000000111110000000000011111
10100000000111010000000000011101
10100100000000010000000000000001
10100100000000100000000000000010
10100100000000110000000000000011
10100100000001000000000000000100
10100100000001010000000000000101
10100100000001100000000000000110
10100100000001110000000000000111
10100100000010000000000000001000
10100100000010010000000000001001
10100100000010100000000000001010
10100100000010110000000000001011
10100100000011000000000000001100
10100100000011010000000000001101
10100100000011100000000000001110
10100100000011110000000000001111
10100100000100000000000000010000
10100100000100010000000000010001
10100100000100100000000000010010
10100100000100110000000000010011
10100100000101000000000000010100
10100100000101010000000000010101
10100100000101100000000000010110
10100100000101110000000000010111
10100100000110000000000000011000
10100100000110010000000000011001
10100100000110100000000000011010
10100100000110110000000000011011
10100100000111000000000000011100
10100100000111100000000000011110
10100100000111110000000000011111
10100100000111010000000000011101
10101100000000010000000000000001
10101100000000100000000000000010
10101100000000110000000000000011
10101100000001000000000000000100
10101100000001010000000000000101
10101100000001100000000000000110
10101100000001110000000000000111
10101100000010000000000000001000
10101100000010010000000000001001
10101100000010100000000000001010
10101100000010110000000000001011
10101100000011000000000000001100
10101100000011010000000000001101
10101100000011100000000000001110
10101100000011110000000000001111
10101100000100000000000000010000
10101100000100010000000000010001
10101100000100100000000000010010
10101100000100110000000000010011
10101100000101000000000000010100
10101100000101010000000000010101
10101100000101100000000000010110
10101100000101110000000000010111
10101100000110000000000000011000
10101100000110010000000000011001
10101100000110100000000000011010
10101100000110110000000000011011
10101100000111000000000000011100
10101100000111100000000000011110
10101100000111110000000000011111
10101100000111010000000000011101
10000000000000010000000000000001
10000000000000100000000000000010
10000000000000110000000000000011
10000000000001000000000000000100
10000000000001010000000000000101
10000000000001100000000000000110
10000000000001110000000000000111
10000000000010000000000000001000
10000000000010010000000000001001
10000000000010100000000000001010
10000000000010110000000000001011
10000000000011000000000000001100
10000000000011010000000000001101
10000000000011100000000000001110
10000000000011110000000000001111
10000000000100000000000000010000
10000000000100010000000000010001
10000000000100100000000000010010
10000000000100110000000000010011
10000000000101000000000000010100
10000000000101010000000000010101
10000000000101100000000000010110
10000000000101110000000000010111
10000000000110000000000000011000
10000000000110010000000000011001
10000000000110100000000000011010
10000000000110110000000000011011
10000000000111000000000000011100
10000000000111100000000000011110
10000000000111110000000000011111
10000000000111010000000000011101
10000100000000010000000000000001
10000100000000100000000000000010
10000100000000110000000000000011
10000100000001000000000000000100
10000100000001010000000000000101
10000100000001100000000000000110
10000100000001110000000000000111
10000100000010000000000000001000
10000100000010010000000000001001
10000100000010100000000000001010
10000100000010110000000000001011
10000100000011000000000000001100
10000100000011010000000000001101
10000100000011100000000000001110
10000100000011110000000000001111
10000100000100000000000000010000
10000100000100010000000000010001
10000100000100100000000000010010
10000100000100110000000000010011
10000100000101000000000000010100
10000100000101010000000000010101
10000100000101100000000000010110
10000100000101110000000000010111
10000100000110000000000000011000
10000100000110010000000000011001
10000100000110100000000000011010
10000100000110110000000000011011
10000100000111000000000000011100
10000100000111100000000000011110
10000100000111110000000000011111
10000100000111010000000000011101
10001000000000010000000000000001
10001000000000100000000000000010
10001000000000110000000000000011
10001000000001000000000000000100
10001000000001010000000000000101
10001000000001100000000000000110
10001000000001110000000000000111
10001000000010000000000000001000
10001000000010010000000000001001
10001000000010100000000000001010
10001000000010110000000000001011
10001000000011000000000000001100
10001000000011010000000000001101
10001000000011100000000000001110
10001000000011110000000000001111
10001000000100000000000000010000
10001000000100010000000000010001
10001000000100100000000000010010
10001000000100110000000000010011
10001000000101000000000000010100
10001000000101010000000000010101
10001000000101100000000000010110
10001000000101110000000000010111
10001000000110000000000000011000
10001000000110010000000000011001
10001000000110100000000000011010
10001000000110110000000000011011
10001000000111000000000000011100
10001000000111100000000000011110
10001000000111110000000000011111
10001000000111010000000000011101
